6 6 6 6 6 3 3 3 3 3 3 3
;
5 5 5 5 5 5
5 5 5 5 5 5
5 5 5 5 5 5
5 5 5 5 5 5
5 5 5 5 5 5
5 8 8
5 8 8
5 8 8
5 8 8
5 9 9
5 9 9
5 9 9
;
2 3 2 2 3
3 4 2 3 4
4 5 4 4 5
5 6 4 4 6
5 6 4 4 7
5 7 5 5 7
5 6 4 4 5
6 7 6 6 7
8 10 7 7 10
9 11 8 8 11
10 12 9 9 13
12 13 10 10 15
8 9 7 7 8
9 10 8 8 10
11 13 9 9 13
12 14 10 10 15
13 15 11 11 17
14 16 13 13 19
12 17 13 13 17
14 19 14 14 19
16 21 15 15 21
18 22 16 16 21
20 25 20 20 23
23 28 22 22 25
14 18 14 14 20
20 25 15 15 23
20 27 18 18 25
21 25 21 21 27
25 29 25 25 30
29 33 29 29 33
17 19 15 15 20
10 10 13 13 10 10 9 25
13 13 15 15 12 12 10 30
22 24 20 20 25
15 15 18 18 15 15 14 30
18 18 20 20 17 17 15 35
27 29 25 25 35
19 19 22 22 18 18 22 35
20 20 24 24 20 20 22 40
30 34 30 30 40
19 19 23 23 19 19 22 37
20 20 27 27 21 21 21 44
30 39 35 35 42
20 20 23 23 20 20 18 18 53
22 22 30 30 25 25 18 18 55
30 44 40 40 55
22 22 27 27 24 23 18 18 58
26 26 33 33 26 26 22 22 60
35 49 45 45 55
22 22 30 30 24 24 18 18 59
28 28 35 35 27 27 23 23 60