6 6 6 6 6 6 6 6 6 6 6 6 6 6 6
;
5 5 5 5 5 5
5 5 5 5 5 5
5 5 5 5 5 5
5 5 5 5 5 5
5 5 5 5 5 5
5 5 5 5 5 5
5 5 5 5 5 5
5 5 5 5 5 5
5 5 5 5 5 5
5 5 5 5 5 5
7 7 7 7 7 7
7 7 7 7 7 7
7 7 7 7 7 7
7 7 7 7 7 7
7 7 7 7 7 7
;
4 6 6 7 7
6 6 6 8 8
8 6 6 8 8
8 8 8 6 8
8 8 6 8 10
8 8 8 8 10
8 8 8 10 10
10 10 10 8 10
12 10 10 12 12
12 12 12 12 12
12 12 14 14 16
14 12 14 16 15
16 16 16 18 10
16 14 14 18 18
18 18 16 16 18
20 20 18 18 22
22 22 18 18 22
22 22 20 20 24
22 22 22 22 24
22 22 22 24 24
22 24 24 22 24
24 24 24 22 26
24 24 24 24 26
26 26 24 24 28
26 26 26 26 28
26 26 26 28 28
28 26 26 28 30
28 28 28 28 30
28 28 30 30 30
30 30 28 30 32
32 32 30 30 32
32 32 32 32 34
34 32 32 34 36
34 34 34 36 36
36 36 34 34 36
36 36 36 34 38
38 36 36 40 40
40 38 38 38 40
40 38 38 40 42
40 40 42 40 40
40 40 42 42 40
42 42 40 40 46
44 44 40 40 46
44 44 46 46 46
46 46 46 44 46
46 46 46 44 48
46 46 46 48 48
48 48 46 46 50
50 50 48 48 50
50 50 50 48 52
52 52 50 50 52
52 52 52 50 54
54 52 52 52 56
52 52 54 52 60
52 52 54 54 60
54 54 54 54 60
58 54 54 54 60
58 58 54 54 60
58 58 56 56 60
58 58 58 56 62
50 40 42 42 42 42 44
50 50 42 42 42 42 44
50 50 42 42 42 42 50
52 52 44 44 44 42 52
44 44 52 52 50 50 54
44 44 52 52 50 50 56
50 50 52 52 50 50 56
50 50 52 52 54 54 56
54 54 52 50 50 56 56
56 56 52 50 50 56 58
58 58 52 52 50 56 58
58 58 52 52 52 58 60
60 60 52 52 52 60 60
58 58 54 58 54 60 60
60 60 58 54 54 60 62
60 60 58 56 56 62 62
60 60 58 58 58 62 62
60 60 60 60 60 62 64
64 64 60 60 60 60 64
64 64 64 60 60 60 64
64 64 64 64 60 60 64
64 64 64 64 60 64 66
64 64 64 64 64 64 66
66 66 64 64 64 64 68
66 66 66 64 64 64 68
68 68 66 66 66 64 68
68 68 68 68 68 64 68
68 68 68 68 68 68 70
70 70 68 68 68 68 72
70 70 70 70 70 72 72